3
0,Inuvik,6000,200,1000,3000,9000,16000,25000
0,Saskatchewan,6000,400,2000,6000,18000,32000,45000
0,Montana,10000,600,3000,9000,27000,40000,55000
0,Ottava,10000,600,3000,9000,27000,40000,55000
0,Missouri,12000,800,4000,10000,30000,45000,60000
0,Las Vegas,16000,1200,6000,18000,50000,70000,90000
0,Guatemala,14000,1000,5000,15000,45000,62500,75000
0,Amazonas,14000,1000,5000,15000,45000,62500,75000
1
0,Tocantins,18000,1400,7000,20000,55000,75000,95000
0,Chaco,18000,1400,7000,20000,55000,75000,95000
0,Buenos Aires,20000,1600,8000,22000,60000,80000,100000
2
0,Antarctica,22000,1800,9000,25000,70000,87500,105000
0,Maseru,22000,1800,9000,25000,70000,87500,105000
0,Lomami,24000,2000,10000,30000,75000,92500,110000
0,Darfur,26000,2200,11000,33000,80000,97500,115000
0,Zinder,26000,2200,11000,33000,80000,97500,115000
0,Algeria,28000,2400,12000,36000,85000,102500,120000
0,Ennedi,30000,2600,13000,39000,90000,110000,127500
0,Riyad,30000,2600,13000,39000,90000,110000,127500
0,Kabil,32000,2800,15000,45000,100000,120000,140000
0,Almatı,10000,600,3000,9000,27000,40000,55000
0,Katmandu,12000,800,4000,10000,30000,45000,60000
0,Wuhan,35000,3500,17500,50000,110000,130000,150000
0,Tokyo,40000,5000,20000,60000,140000,170000,200000
0,Ulanbator,26000,2200,11000,33000,80000,97500,115000
0,Yakutsk,28000,2400,12000,36000,85000,102500,120000
1
0,Astana,6000,400,2000,6000,18000,32000,45000
0,Sıktıvkar,12000,800,4000,10000,30000,45000,60000
0,Kiev,30000,2600,13000,39000,90000,110000,127500
0,Ankara,32000,2800,15000,45000,100000,120000,140000
0,Budapest,32000,2800,15000,45000,100000,120000,140000
0,Berlin,40000,5000,20000,60000,140000,170000,200000
0,Stockholm,40000,5000,20000,60000,140000,170000,200000
2
0,Greenland,16000,1200,6000,18000,50000,70000,90000


